25
3 5
2 2 1
1 1 1
1 3 1 1 1
1 2 2 2
1 0
1 0
1 1
2
1 3 1 2 3
2 20
3 2
2 0
3 2 2 3
1 1 4
1 1 3
1 1 1
2 1 4
1 1 3
2 0
2 3 2 4 2
1 2 3 3
4 2 2 3
3 1 2
3 1 2
4 2 1 2
1 1 4
3 1 4
2 4 1 1 4 1
3 3 3 3 4
3 0
3 0
3 15
1 2 3
3 3 2 3 3
1 0
1 2 2 2
3 1 3
3 0
1 2 3 1
2 3 2 3 2
1 2 3 2
3 1 1
3 3 2 2 1
2 4 2 2 1 1
3 0
1 2 1 1
3 1 1
3 2 1 2
3 20
18 10 5
12 1 16
19 2 2 4
15 3 9 19 2
9 1 18
13 3 5 15 13
4 1 12
5 3 13 3 5
17 2 18 6
11 1 9
2 2 15 17
18 1 5
8 2 10 7
16 3 2 4 2
20 3 20 10 14
14 2 9 11
1 2 3 8
6 2 14 1
3 1 13
10 1 20
7 1 12
3 20
1 3 2
1 1 1
3 2 1 3
1 1 2
3 1 1
2 3 1 1 3
3 1 2
3 1 3
2 1 1
3 0
2 2 1 3
2 3 1 2 1
1 0
3 3 1 3 3
3 1 2
1 2 3 2
1 1 1
3 2 2 3
1 2 3 3
3 0
2 0
3 15
3 2 3
3 3 2 2 1
3 3 2 3 2
1 1 2
3 1 1
1 1 1
3 3 1 2 1
3 1 1
3 1 1
1 2 1 1
2 2 1 3
3 2 3 2
1 2 2 3
1 0
3 2 3 2
2 3 3 1 1
5 10
5 2 5 2 5
5 2 6 3
2 3 5 6 4
3 2 1 2
5 1 6
4 0
3 2 5 5
4 2 6 3
6 3 1 2 4
1 1 1
1 1 3
2 13
2 2
2 2 2 2
2 1 2
2 0
2 3 2 2 2
2 0
2 0
2 0
2 1 2
2 0
2 0
2 1 2
2 1 2
2 1 2
2 9
13 13
13 0
13 1 13
13 0
13 1 13
13 2 13 13
13 1 13
13 1 13
13 0
13 1 13
3 19
1 1 1
1 0
1 0
1 0
1 0
1 0
1 0
1 1 1
1 1 1
1 1 1
1 1 1
1 1 1
1 1 1
1 1 1
1 1 1
1 1 1
1 2 1 1
1 2 1 1
1 2 1 1
1 2 1 1
1 2
2
2 0
2 1 2
2 20
2 3
3 0
3 1 1
1 2 3 2
1 0
2 1 1
1 3 3 3 3
1 4 3 3 1 1
1 2 1 3
3 1 3
2 0
1 1 1
3 2 2 2
1 2 2 3
3 1 1
3 5 2 2 1 2 2
1 1 1
3 1 2
1 1 1
1 0
1 1 1
4 20
4 2 4 4
4 0
4 3 4 1 1
4 0
2 1 2
3 2 3 4
2 1 3
3 1 3
4 0
4 0
2 0
4 0
3 2 4 2
1 1 3
3 1 3
3 1 3
2 0
3 1 3
3 0
4 0
1 2 4 2
3 3
1 1 1
1 0
1 0
1 0
23 5
4 1 4 2 3 4 3 2 4 1 2 2 3 3 3 1 3 2 1 3 4 1 4
4 2 3 1
2 1 3
3 2 3 2
1 0
2 1 3
20 15
1 1 3 4 3 2 1 5 1 1 5 2 3 5 2 4 5 5 5 2
1 0
4 3 3 4 1
2 1 3
3 4 3 3 2 5
2 1 4
2 2 3 4
5 0
2 0
2 4 1 1 4 3
3 1 2
1 0
2 2 3 5
1 1 3
5 1 2
5 0
1 20
5
17 1 15
11 1 17
9 2 17 11
12 1 9
6 1 12
19 1 6
2 3 1 19 10
8 3 3 16 2
15 1 8
3 2 2 15
13 1 3
14 2 8 13
4 1 14
18 1 4
20 2 4 18
16 1 20
1 1 16
7 1 1
10 2 12 7
5 1 10
3 20
1 3 2
3 2 3 3
3 2 1 3
2 1 2
2 2 2 3
1 1 1
3 1 3
1 3 3 1 3
1 2 1 1
1 1 1
1 1 3
2 3 1 2 1
2 1 2
2 3 1 1 1
2 0
3 2 1 2
1 3 3 3 1
2 0
2 2 3 3
2 2 3 2
2 2 2 2
1 1
2
2 0
1 1
2
2 3 1 2 3
10 20
1 2 3 4 5 6 7 8 9 10
10 0
3 1 3
5 0
7 0
6 1 6
9 1 9
2 0
10 1 10
8 0
8 1 8
2 1 2
4 0
1 1 1
1 0
4 1 4
6 0
3 0
9 0
5 1 5
7 1 7
1 1
2
1 1 1
3 10
1 2 1
2 2 1 1
2 0
1 0
2 1 2
1 2 1 2
1 2 1 2
1 2 2 2
1 1 1
2 2 2 1
1 2 2 2
1 4
1
1 0
1 2 1 3
2 0
3 1 2
