100
3 3
2 1 2
1 1 1
2 1 2
5 5
2 2 2 2 2
2 1 1 1 2
2 1 2 1 2
2 1 1 1 2
2 2 2 2 2
10 10
2 1 2 2 2 2 2 2 2 2
2 2 2 2 2 2 2 2 2 2
2 2 2 2 2 2 2 2 2 2
2 2 2 2 2 2 2 2 2 2
2 2 2 2 2 2 2 2 2 2
2 2 2 2 2 2 2 2 2 2
2 2 2 2 2 2 2 2 2 2
2 2 2 2 2 2 2 2 2 2
2 2 2 2 2 2 2 2 2 2
2 2 2 2 2 2 2 2 2 2
3 2
2 2
1 2
1 2
2 8
1 1 1 2 1 1 1 2
2 2 2 2 1 2 1 2
9 3
1 1 1
1 1 1
1 1 2
1 1 1
2 1 2
2 1 2
1 1 1
2 1 2
1 1 1
10 10
2 2 2 2 2 2 2 2 2 2
2 2 2 2 2 2 2 2 2 2
2 2 2 2 2 2 2 2 2 2
2 2 2 2 2 2 2 2 2 2
2 2 2 2 2 2 2 2 2 2
2 2 2 2 2 2 2 2 2 2
2 2 2 2 2 2 2 2 2 2
2 2 2 2 1 2 2 2 2 2
2 2 1 2 2 2 2 2 2 2
2 2 2 2 2 2 2 2 2 2
9 3
2 2 1
2 1 2
2 2 1
2 2 2
1 1 2
1 2 2
1 1 2
2 2 1
2 1 1
2 9
1 2 2 1 1 1 1 1 2
1 2 2 1 1 1 2 2 2
3 9
2 2 2 2 2 2 2 2 1
2 2 2 2 2 2 2 2 2
2 2 2 2 2 2 2 2 2
6 5
2 1 2 1 1
1 1 1 1 1
1 1 1 1 1
2 1 2 1 1
2 1 2 1 1
2 1 2 1 1
4 8
2 1 1 2 2 1 1 2
1 1 1 1 2 2 2 1
2 2 2 2 2 1 1 2
2 2 2 1 1 2 2 2
10 10
1 1 1 1 1 1 1 1 1 1
2 1 1 1 1 1 1 1 1 1
1 1 1 1 1 1 1 1 1 1
1 1 1 1 1 1 1 1 1 1
1 1 1 1 1 1 1 1 1 1
1 1 1 1 1 1 1 1 1 1
1 1 1 1 1 1 1 1 1 1
1 1 1 2 1 1 1 1 1 1
1 1 1 1 1 1 1 1 1 1
1 1 1 1 1 1 1 1 1 1
2 3
1 2 2
2 2 1
3 6
1 2 2 1 2 1
2 1 2 2 2 2
2 2 2 1 2 2
2 5
1 2 1 2 1
1 1 1 2 1
4 8
2 2 2 2 2 2 2 2
2 2 2 2 1 2 2 2
2 2 2 2 2 2 2 2
2 2 2 2 2 2 2 2
2 9
2 2 2 2 2 2 2 2 1
2 1 2 2 2 2 2 2 2
1 1
1
3 4
2 2 2 2
2 2 1 2
2 2 2 2
3 8
1 1 1 1 2 2 1 1
2 2 1 1 1 2 2 2
2 1 2 2 2 1 1 2
10 10
2 2 2 2 2 2 2 2 2 2
2 2 2 2 2 1 2 2 2 1
2 2 2 2 2 2 2 2 2 2
2 2 2 2 2 2 2 2 2 2
2 1 2 2 1 2 1 2 2 2
2 2 2 1 2 2 2 2 2 2
2 2 2 2 2 2 2 2 2 2
2 2 2 2 2 2 2 2 2 2
2 2 2 1 1 2 2 2 2 1
1 2 2 2 2 2 2 2 2 2
9 3
1 1 1
1 1 1
1 1 1
1 1 1
1 1 2
1 1 2
1 1 1
1 1 2
1 1 1
6 5
2 2 2 1 2
1 2 2 1 2
1 1 1 1 1
1 1 1 1 1
2 2 2 1 2
1 1 1 1 1
10 10
1 1 1 1 2 1 2 2 2 2
2 2 2 2 1 2 1 1 2 2
2 1 1 1 1 1 1 2 2 1
2 2 1 2 2 1 2 1 2 2
1 2 2 2 2 2 2 2 2 1
2 1 2 1 2 2 2 2 2 1
2 2 2 2 2 2 2 2 1 1
1 2 2 1 1 1 1 2 1 1
1 2 2 1 2 1 2 2 2 1
2 2 2 2 1 1 2 1 1 2
10 10
2 2 2 2 2 2 2 2 2 2
2 2 2 2 2 2 2 2 2 2
2 2 2 2 2 2 2 2 2 2
2 2 2 2 2 2 2 2 2 2
2 2 2 2 2 2 2 2 2 2
1 2 2 2 2 2 2 2 2 2
2 2 2 2 2 2 2 2 2 2
2 2 2 2 2 1 2 2 2 2
2 2 2 2 2 2 2 2 2 2
2 2 2 2 2 2 2 2 2 2
3 9
2 1 2 1 2 2 2 2 2
2 2 2 2 2 2 2 2 2
2 2 2 2 1 2 2 2 2
10 10
1 1 1 1 2 1 1 1 1 1
1 1 1 1 1 1 1 1 1 1
1 1 1 1 1 1 1 1 1 1
1 1 1 1 1 1 1 1 1 1
1 1 1 1 1 1 1 1 1 1
1 1 1 1 1 1 1 1 1 1
1 1 1 1 1 1 1 1 1 1
1 1 1 1 1 1 1 1 1 1
1 1 1 1 1 1 1 1 1 1
1 1 1 1 1 1 1 1 1 1
1 1
2
9 3
2 2 2
2 1 2
2 1 1
2 2 2
1 2 2
1 2 2
1 1 2
2 1 2
2 1 2
4 3
1 1 1
1 2 1
2 1 1
1 1 1
6 10
1 2 1 2 2 2 1 2 1 1
1 2 1 2 2 2 1 2 1 1
1 2 1 2 2 2 1 2 1 1
1 1 1 1 1 1 1 1 1 1
1 1 1 1 1 1 1 1 1 1
1 2 1 2 2 2 1 2 1 1
6 5
2 2 2 2 1
2 2 2 1 2
2 2 2 2 2
1 2 1 2 2
2 2 2 2 2
2 2 2 2 2
3 4
2 2 2 2
2 2 2 2
2 1 2 2
10 10
1 1 1 1 1 1 1 1 1 1
1 2 1 2 1 1 2 2 2 1
1 2 1 2 1 1 2 2 2 1
1 2 1 2 1 1 2 2 2 1
1 1 1 1 1 1 1 1 1 1
1 1 1 1 1 1 1 1 1 1
1 2 1 2 1 1 2 2 2 1
1 2 1 2 1 1 2 2 2 1
1 2 1 2 1 1 2 2 2 1
1 2 1 2 1 1 2 2 2 1
2 5
2 1 2 2 2
2 2 2 2 1
9 2
1 2
2 1
2 2
1 2
1 1
1 1
2 2
2 1
2 1
6 10
2 2 2 2 2 2 2 2 2 2
2 2 2 2 2 2 2 2 2 2
2 2 1 2 2 2 2 2 2 2
2 2 2 2 2 2 2 2 2 2
2 2 2 2 2 2 2 2 2 2
2 2 2 2 2 2 2 2 2 2
2 3
1 1 2
1 2 2
2 9
1 1 1 1 1 1 1 1 1
2 2 1 1 1 2 1 1 2
5 6
1 1 2 1 1 2
1 2 2 1 1 1
2 2 2 2 2 2
1 1 2 2 2 2
2 1 2 1 2 2
10 10
1 1 1 1 1 1 2 1 1 1
1 1 1 1 1 1 1 1 1 1
1 1 1 1 1 1 1 1 1 1
1 1 1 1 1 1 1 1 1 1
1 1 1 1 1 1 1 1 1 1
1 1 1 1 1 1 1 1 1 1
1 1 1 1 1 1 1 1 1 1
1 1 1 1 1 1 1 1 1 1
1 1 1 1 1 1 1 1 1 1
1 1 1 1 1 1 1 1 1 1
3 9
1 2 1 2 2 1 2 1 1
1 1 2 1 2 1 2 2 1
2 2 2 2 2 2 1 1 1
3 2
1 1
1 1
1 1
3 2
2 2
2 2
2 1
6 10
1 2 2 2 1 1 2 2 1 2
1 2 1 2 1 1 1 2 2 1
2 2 2 1 1 2 2 2 2 2
1 1 2 2 2 2 1 1 1 2
1 2 2 2 1 1 2 2 1 2
1 2 2 1 2 1 2 1 1 2
3 8
2 2 2 2 2 2 1 2
2 2 2 2 2 2 2 2
2 2 2 2 2 2 2 2
1 2
1 1
10 10
1 1 1 1 1 1 1 1 1 1
1 1 1 1 1 1 1 2 1 1
1 1 1 1 1 1 1 1 1 1
1 1 1 1 1 1 1 1 1 1
1 1 1 1 1 1 1 1 1 1
1 1 1 1 1 1 1 1 1 1
1 1 1 1 1 1 1 1 1 1
1 1 1 1 1 1 1 1 1 1
1 1 1 1 1 1 1 1 1 1
1 1 1 1 2 1 1 1 1 1
3 4
2 2 2 1
2 2 2 1
1 1 1 1
3 2
2 2
2 1
2 2
4 3
1 2 2
2 2 2
2 2 1
2 1 2
8 2
1 2
2 2
2 2
2 2
2 2
2 2
2 2
2 2
10 10
1 1 1 1 1 1 1 1 1 1
1 2 1 1 1 1 2 2 1 2
1 2 1 1 1 1 2 2 1 2
1 2 1 1 1 1 2 2 1 2
1 1 1 1 1 1 1 1 1 1
1 1 1 1 1 1 1 1 1 1
1 1 1 1 1 1 1 1 1 1
1 2 1 1 1 1 2 2 1 2
1 2 1 1 1 1 2 2 1 2
1 2 1 1 1 1 2 2 1 2
2 9
1 1 1 1 1 1 1 1 1
2 2 1 1 2 2 1 2 2
8 8
2 2 2 2 2 2 2 1
2 1 1 1 1 1 1 2
2 1 2 2 2 2 2 2
2 1 2 2 2 1 1 1
1 2 1 1 2 1 1 2
1 1 1 1 2 2 2 1
1 1 1 2 2 2 1 1
1 2 1 2 1 1 1 1
10 6
2 1 1 1 2 2
1 2 2 1 1 2
1 2 2 2 1 2
2 2 1 1 2 2
1 2 2 2 2 2
1 2 1 2 2 2
1 2 1 1 1 2
2 2 1 2 1 1
1 1 2 1 1 2
1 2 1 2 1 1
8 8
1 1 1 1 1 1 1 1
1 1 1 1 1 1 1 1
2 1 2 1 1 2 1 1
1 1 1 1 1 1 1 1
2 1 2 1 1 2 1 1
1 1 1 1 1 1 1 1
2 1 2 1 1 2 1 1
1 1 1 1 1 1 1 1
4 1
1
1
1
1
1 5
1 2 2 1 2
1 10
1 1 2 2 2 2 2 2 2 2
10 10
2 2 2 2 2 2 2 2 2 2
2 2 2 2 2 2 2 1 2 2
2 2 2 2 2 2 2 2 2 2
2 2 2 2 2 2 2 2 2 2
2 2 2 2 2 2 2 2 2 2
2 2 2 2 2 2 2 2 2 2
2 2 2 2 2 2 2 2 2 2
2 2 2 2 2 2 2 2 2 2
2 2 2 2 2 2 2 2 2 2
2 2 2 2 2 2 2 2 2 2
3 6
1 1 1 2 1 2
1 1 1 2 1 2
1 1 1 2 1 2
8 2
1 1
1 1
1 1
1 1
1 1
1 1
1 1
1 1
4 10
2 2 2 2 2 2 2 2 2 2
2 2 2 2 2 2 2 1 2 2
2 2 2 2 2 2 2 2 2 2
2 2 2 2 2 2 2 2 2 2
10 10
2 1 2 1 2 1 2 2 1 2
1 2 1 2 1 2 1 1 1 1
2 2 2 1 1 1 2 1 1 2
2 2 1 2 1 2 1 2 1 1
1 1 2 1 2 2 2 2 2 1
1 1 2 1 1 2 2 1 2 1
1 1 1 2 2 1 1 1 2 2
2 2 2 1 1 2 1 1 2 1
2 2 2 1 2 1 2 1 1 1
2 1 1 2 1 1 1 2 2 1
3 4
1 1 2 1
2 1 1 1
2 2 2 2
8 8
1 2 1 2 2 2 2 1
1 2 2 1 2 1 2 1
2 1 1 2 2 2 1 2
1 2 2 2 1 1 1 1
2 1 1 1 2 2 1 1
1 2 2 1 1 1 1 1
2 1 2 2 2 2 2 1
2 2 2 1 1 2 2 2
2 1
1
1
10 10
2 2 2 2 2 2 2 2 2 2
2 2 2 2 2 2 2 2 2 2
2 2 2 2 2 2 2 2 2 2
2 2 2 2 2 2 2 2 2 2
2 2 2 2 2 2 2 2 2 2
2 2 2 1 2 2 2 2 2 2
2 2 2 2 2 2 2 2 2 2
2 2 2 2 2 2 2 2 2 2
2 2 2 2 2 2 2 2 2 2
2 2 2 2 2 2 2 2 2 2
4 10
1 1 1 1 1 1 1 1 1 1
2 2 2 2 2 2 2 2 2 1
2 2 2 2 2 2 2 2 2 1
2 2 2 2 2 2 2 2 2 1
3 4
1 2 2 1
1 1 1 1
2 2 2 1
3 8
1 1 1 1 1 2 2 1
1 1 1 1 1 2 2 1
1 1 1 1 1 2 2 1
10 4
1 2 1 2
2 2 1 2
2 2 1 2
1 2 1 2
2 1 1 2
2 1 1 1
1 2 1 1
2 2 1 2
1 2 2 2
2 2 2 2
2 5
1 1 1 1 1
1 1 1 1 1
5 1
1
2
2
2
1
8 8
1 2 1 1 2 2 1 1
1 1 1 1 1 1 1 1
1 1 1 1 1 1 1 1
1 2 1 1 2 2 1 1
1 2 1 1 2 2 1 1
1 2 1 1 2 2 1 1
1 2 1 1 2 2 1 1
1 1 1 1 1 1 1 1
2 9
2 2 2 2 2 2 2 1 2
2 2 2 2 2 2 2 2 2
1 2
2 2
2 1
2
1
4 8
1 2 2 2 2 2 1 2
1 1 1 1 1 1 1 1
1 1 1 1 1 1 1 1
1 2 2 2 2 2 1 2
8 2
2 2
2 2
2 2
2 2
2 2
2 2
2 2
2 1
8 3
2 1 1
1 2 2
2 2 1
1 2 2
2 1 2
1 1 2
2 2 1
1 1 1
3 9
1 1 1 1 1 1 1 1 1
2 1 2 1 1 1 1 1 1
2 1 2 1 1 1 1 1 1
8 8
2 2 2 2 2 2 2 2
2 2 2 2 2 2 2 1
2 2 2 2 2 2 2 2
2 2 2 2 2 2 2 2
2 2 2 2 2 2 2 2
2 2 2 2 2 2 2 2
2 2 2 2 2 2 2 2
2 2 2 2 2 2 2 2
10 1
2
2
2
1
2
1
2
2
2
1
9 2
2 1
2 1
2 1
2 1
1 2
1 1
2 1
1 1
2 2
10 10
1 1 1 1 1 1 1 1 1 1
1 1 1 1 1 1 1 1 1 1
1 1 1 1 1 1 1 1 1 1
1 1 1 1 1 1 1 1 1 1
1 1 1 1 1 1 1 1 1 1
1 1 1 1 1 1 1 1 1 1
1 1 1 1 1 1 1 1 1 1
1 1 1 1 1 1 1 1 1 1
1 1 1 1 1 1 1 1 1 1
1 1 1 1 1 1 1 1 1 1
8 8
2 2 2 2 2 2 1 2
2 2 2 2 2 2 2 1
2 2 2 2 2 2 2 2
1 2 2 2 1 2 2 2
2 2 2 2 2 2 1 2
2 2 1 2 2 2 2 2
1 2 2 2 2 2 2 2
2 2 2 2 2 1 2 2
5 2
2 1
1 2
1 1
1 1
1 2
2 9
1 2 2 2 1 1 1 2 2
2 2 2 2 1 1 1 2 2
8 4
2 2 1 1
2 2 2 1
2 1 1 2
2 2 2 2
2 2 2 2
1 1 1 2
2 2 2 1
2 1 1 1
3 6
2 2 2 2 2 2
2 2 2 2 2 1
2 2 2 2 2 2
3 2
1 1
1 1
1 1
4 10
2 2 2 1 2 2 2 2 2 2
2 2 2 2 2 1 2 1 2 2
2 2 2 2 2 2 2 2 2 2
2 2 2 2 2 2 2 2 2 2
1 4
1 2 2 2
3 2
1 2
2 2
2 2
3 4
1 1 1 1
2 2 1 2
2 2 1 2
8 8
1 2 1 2 2 1 1 2
2 1 1 2 1 2 2 1
2 1 2 1 2 2 2 1
2 1 2 1 1 1 1 2
2 1 2 2 1 1 1 2
2 2 2 1 2 2 2 2
2 1 1 2 2 1 1 2
2 2 1 2 2 2 2 1
8 8
2 2 2 2 2 2 2 2
2 2 2 2 2 2 2 2
2 2 2 2 2 2 2 2
2 2 2 2 2 2 2 2
2 2 2 2 2 2 2 2
2 2 2 2 2 2 2 2
2 2 2 2 2 2 2 2
1 2 2 2 2 2 2 2
