100
768 949
484 584
440 672
21 484
375 749
121 485
20 250
182 828
3 5
8 122
21 584
1 5
483 741
34 802
3 109
120 584
121 221
44 495
3 121
100 1000
1 1
121 122
1 122
638 766
10 120
8 302
3 122
4 109
122 483
7 485
4 4
484 485
21 742
1 1000
129 217
7 10
483 584
200 911
93 362
3 9
9 121
1 121
527 645
7 221
384 742
122 1000
1 10
384 584
1 2
3 6
21 485
65 742
4 122
768 823
13 277
1 104
59 417
7 109
3 104
4 9
3 584
21 121
16 664
65 122
1 65
622 799
3 10
7 302
4 10
121 484
136 576
4 584
346 622
121 742
121 302
7 121
8 742
116 736
483 742
79 110
483 484
1 101
3 221
120 221
630 760
65 484
1 484
8 109
662 726
328 497
329 493
1 221
61 749
1 6
21 122
120 122
1 485
65 485
21 257
1 4
